image: /home/abyss/catkin_ws/src/rbe3002_lab3/maps/final_demo_map.pgm
resolution: 0.040000
origin: [-10.000000, -10.000000, 0.000000]
negate: 0
occupied_thresh: 0.65
free_thresh: 0.196

